home,away,H,D,A
Flamengo,Vasco,0.65,0.10,0.25
Corinthians,Santos,0.58,0.23,0.19
Sao Paulo,Bragantino,0.56,0.24,0.20
Palmeiras,Atletico-GO,0.70,0.16,0.14
Atletico-MG,Cruzeiro,0.49,0.27,0.24
Gremio,Internacional,0.41,0.31,0.28
Fluminense,Botafogo,0.44,0.29,0.27
Bahia,Fortaleza,0.46,0.28,0.26
Athletico-PR,Goias,0.54,0.25,0.21
Cuiaba,Juventude,0.48,0.29,0.23
America-MG,Ceara,0.42,0.30,0.28
Vitoria,Sport,0.40,0.31,0.29
Coritiba,Parana,0.52,0.27,0.21
Ponte Preta,Guarani,0.39,0.32,0.29
